3033	9906273
3033	9906462
3033	9907231
3033	9907326
3033	9907375
3033	9907462
3033	9907509
3033	9908288
3033	9908388
3033	9909222
3033	9909352
3033	9909538
3033	9910255
3033	9910412
3033	9911407
3033	9911442
3033	9912320
3033	9912391
3033	9912396
3033	9912458
211308	6035
211308	101229
211308	106315
211308	108041
211308	108245
211308	109166
211308	111276
211308	201219
211308	204316
211308	205126
211308	206024
211308	206205
211308	207066
211308	207210
211308	208014
211308	209326
211308	210108
211308	211047
211308	9207267
211308	9303263
211308	9305272
211308	9512355
211308	9602224
211308	9602234
211308	9612383
211308	9707454
211308	9710237
211308	9710312
211308	9710335
211308	9802391
211308	9803459
211308	9903229
211308	9903289
211308	9905436
206024	2036
206024	9158
206024	12351
206024	102227
206024	102241
206024	105325
206024	107180
206024	111276
206024	201023
206024	201249
206024	202205
206024	203056
206024	204087
206024	9203223
206024	9401258
206024	9504378
206024	9603205
206024	9606399
206024	9611272
206024	9705337
206024	9805244
206024	9808468
206024	9902434
206024	9903229
206024	9904287
206024	9906218
206024	9906395
206024	9911385
203079	1056
203079	1133
203079	6050
203079	6238
203079	6262
203079	7020
203079	7286
203079	9271
203079	10260
203079	11112
203079	11144
203079	12256
203079	12332
203079	101123
203079	103159
203079	104024
203079	105239
203079	105323
203079	106044
203079	106098
203079	107117
203079	107266
203079	107268
203079	108041
203079	110126
203079	111016
203079	111297
203079	201164
203079	9204204
203079	9204214
203079	9204220
203079	9205203
203079	9205204
203079	9206222
203079	9206225
203079	9206236
203079	9207249
203079	9207273
203079	9209244
203079	9210231
203079	9210233
203079	9211292
203079	9303201
203079	9304265
203079	9304269
203079	9305232
203079	9305258
203079	9306256
203079	9308205
203079	9309293
203079	9311320
203079	9311336
203079	9312303
203079	9312324
203079	9401236
203079	9403305
203079	9404209
203079	9404335
203079	9406228
203079	9406375
203079	9406401
203079	9407393
203079	9407408
203079	9409215
203079	9409315
203079	9410233
203079	9410242
203079	9411426
203079	9412275
203079	9501379
203079	9503203
203079	9503433
203079	9504399
203079	9505256
203079	9505336
203079	9506305
203079	9506427
203079	9507438
203079	9509255
203079	9510376
203079	9511342
203079	9601217
203079	9601305
203079	9602221
203079	9602390
203079	9603311
203079	9603349
203079	9606233
203079	9607213
203079	9607328
203079	9608269
203079	9608324
203079	9610446
203079	9612313
203079	9612402
203079	9702265
203079	9702381
203079	9704455
203079	9705383
203079	9705400
203079	9706238
203079	9706267
203079	9709297
203079	9710447
203079	9712319
203079	9802294
203079	9802368
203079	9803315
203079	9803383
203079	9803466
203079	9804398
203079	9805254
203079	9805303
203079	9805478
203079	9806287
203079	9806289
203079	9806292
203079	9806472
203079	9807349